1.2411679
1.2313333
1.2209939
1.2110655
1.2018834
1.1935968
1.1862719
1.1799052
1.1744337
1.1697491
1.165715
1.1621838
1.1590083
1.15605
1.1531839
1.1503032
1.147321
1.1441729
1.1408192
1.1372463
1.1334667
1.1295154
1.1254439
1.1213158
1.1172041
1.113185
1.1093291
1.1056916
1.1023026
1.0991628
1.0962434
1.0934923
1.0908456
1.0882376
1.0856082
1.0829062
1.0800915
1.0771391
1.0740473
1.0708469
1.0676125
1.0644723
1.0616153
1.0592949
1.0578269
1.0575764
1.0589288
1.0622278
1.0676728
1.0751755
1.0842222
1.0938498
1.1028712
1.1103992
1.1164575
1.1221646
1.1289921
1.1372246
1.1446246
1.1464888
1.1375935
1.1152047
1.0809466
1.0400823
0.99910825
0.96333444
0.9355195
0.9158524
0.90283936
0.89435375
0.8884137
0.88361686
0.87926793
0.87526
0.87182224
0.8692647
0.8678008
0.86746514
0.8681087
0.8694366
0.87107843
0.8726897
0.87406707
0.87522554
0.87639195
0.87790996
0.8800987
0.8831226
0.8869175
0.89119554
0.8955334
0.89952064
0.9029144
0.9057253
0.9081888
0.91063946
0.91334933
0.916402
0.9196496
0.9227674
0.9253848
0.92723835
0.92827654
0.9286657
0.9286987
0.9286588
0.9287047
0.92882705
0.9288859
0.9287035
0.9281664
0.9272872
0.92620176
0.9251079
0.92418146
0.9235091
0.9230646
0.92273396
0.92237544
0.9218856
0.92124337
0.92051184
0.9198
0.91920364
0.9187556
0.9184089
0.91805947
0.91759753
0.9169609
0.9161627
0.9152805
0.9144139
0.9136352
0.9129588
0.9123443
0.911727
0.9110597
0.9103399
0.90961087
0.9089371
0.90836936
0.9079196
0.9075578
0.90723133
0.9068944
0.9065316
0.9061623
0.90582556
0.90555406
0.90535414
0.9052017
0.9050554
0.9048802
0.904665
0.9044254
0.9041913
0.90398645
0.90381366
0.9036537
0.9034779
0.90326566
0.9030161
0.9027463
0.90247923
0.90222806
0.9019889
0.9017443
0.9014758
0.9011762
0.900854
0.90052694
0.9002101
0.8999066
0.8996067
0.8992958
0.8989647
0.898616
0.89826137
0.8979132
0.897576
0.89724404
0.8969064
0.8965549
0.89619005
0.8958199
0.89545363
0.8950949
0.89473945
0.8943792
0.8940085
0.8936285
0.893246
0.8928681
0.892497
0.8921288
0.8917574
0.8913796
0.8909973
0.89061624
0.890241
0.88987166
0.8895041
0.88913393
0.88876003
0.88838536
0.8880141
0.8876479
0.8872849
0.88692117
0.88655424
0.88618517
0.88581705
0.88545215
0.8850899
0.8847274
0.88436234
0.88399464
0.8836267
0.88326055
0.8828965
0.8825325
0.8821665
0.88179845
0.88143003
0.8810629
0.8806974
0.88033205
0.8799651
0.87959653
0.8792277
0.8788599
0.8784932
0.8781263
0.8777582
0.8773889
0.87701976
0.87665176
0.87628466
0.87591743
0.87554955
0.87518144
0.8748142
0.8744484
0.8740835
0.87371874
0.87335396
0.8729899
0.87262726
0.87226605
0.8719056
0.87154555
0.87118614
0.8708281
0.87047166
0.8701165
0.8697621
0.86940855
0.86905634
0.8687058
0.8683569
0.868009
0.86766213
0.8673167
0.86697304
0.86663103
0.86629033
0.8659508
0.8656128
0.8652766
0.86494213
0.8646092
0.86427766
0.86394775
0.8636198
0.8632937
0.8629692
0.8626463
0.8623252
0.8620061
0.86168885
0.8613733
0.8610595
0.8607475
0.8604375
0.8601294
0.85982305
0.85951847
0.8592159
0.8589153
0.8586166
0.8583197
0.8580247
0.8577318
0.85744095
0.8571519
0.8568648
0.8565798
0.8562968
0.8560157
0.85573655
0.8554594
0.8551843
0.8549112
0.85464007
0.85437083
0.8541037
0.8538385
0.8535752
0.8533139
0.85305464
0.85279727
0.85254186
0.8522883
0.8520368
0.8517871
0.8515394
0.85129344
0.8510494
0.8508073
0.85056704
0.85032856
0.850092
0.8498573
0.8496243
0.84939307
0.8491637
0.84893614
0.84871024
0.8484861
0.8482637
0.848043
0.847824
0.84760666
0.84739095
0.8471769
0.8469645
0.8467537
0.8465445
0.84633684
0.8461308
0.8459263
0.84572333
0.84552187
0.8453219
0.84512347
0.8449265
0.844731
0.84453696
0.8443444
0.84415317
0.84396344
0.8437751
0.8435882
0.8434026
0.84321845
0.84303564
0.8428542
0.84267414
0.8424954
0.842318
0.8421419
0.8419672
0.8417938
0.8416217
0.8414509
0.8412815
0.8411133
0.84094656
0.84078103
0.8406168
0.840454
0.84029245
0.84013224
0.83997333
0.8398158
0.83965963
0.8395048
0.83935136
0.83919924
0.83904856
0.83889925
0.8387514
0.838605
0.83845997
0.83831644
0.83817446
0.8380339
0.837895
0.8377575
0.83762175
0.8374875
0.83735496
0.837224
0.83709484
0.83696735
0.83684164
0.8367178
0.8365958
0.8364756
0.83635736
0.8362411
0.83612686
0.8360147
0.83590466
0.8357968
0.8356911
0.8355877
0.8354866
0.8353879
0.8352916
0.8351979
0.83510673
0.8350182
0.83493245
0.8348494
0.83476925
0.834692
0.83461785
0.8345467
0.8344788
0.83441406
0.83435285
0.8342948
0.8342408
0.8341894
0.8341439
0.83409786
0.8340646
0.83401704
0.83401304
0.83392674
0.8340392
0.83371097
0.83442897
0.83267146
0.8369716
0.8264748
0.8534198
0.79843414
0.89500344
0.7997674
0.8212798
0.8835924
0.80965173
0.8123531
0.87175685
0.8290211
0.80759126
0.84899926
0.84898955
0.81103075
0.82756186
0.85652065
0.82182765
0.81498206
0.8475941
0.83706784
0.8127391
0.8316643
0.8466886
0.8197025
0.82079244
0.84476125
0.83047295
0.81848365
0.8371921
0.83835894
0.8215125
0.83110684
0.84155345
0.8260612
0.8277994
0.8416302
0.830576
0.82621336
0.839775
0.83451056
0.8260799
0.8370266
0.8370837
0.8271969
0.83472776
0.8379452
0.8286297
0.83356297
0.8376936
0.82951385
0.8332983
0.8372305
0.82985926
0.833505
0.83697516
0.830146
0.83399135
0.836728
0.8305788
0.8346746
0.8361126
0.8310888
0.83546096
0.8350707
0.83176076
0.83621967
0.8339052
0.83285356
0.8366488
0.8330202
0.83440155
0.83631366
0.8328498
0.8359522
0.83516794
0.83381575
0.8367005
0.8340827
0.83575004
0.836119
0.8344335
0.8372518
0.8350312
0.8364164
0.8368037
0.8355354
0.8377561
0.8357296
0.8377318
0.83667994
0.83717966
0.8379031
0.83674914
0.8387252
0.83681774
0.8391844
0.8370274
0.8396209
0.8372181
0.8401197
0.83722377
0.8410764
0.8365253
0.8431262
0.83431447
0.84767926
0.82826567
0.8591634
0.8127415
0.8869634
0.7858334
0.90728074
0.7901163
0.84324026
0.86573064
0.78653735
0.8623649
0.844648
0.79945046
0.86598146
0.83265173
0.8117166
0.863023
0.82062757
0.8188915
0.8562151
0.8111008
0.82496595
0.84923655
0.8080233
0.83408964
0.84293866
0.81174725
0.8449632
0.8360906
0.8203732
0.8528707
0.8294525
0.8319015
0.8541618
0.82635355
0.84406155
0.8487306
0.82989174
0.8533477
0.8405006
0.8401121
0.8555947
0.83577937
0.852003
0.84928083
0.839193
0.85657096
0.84048444
0.84861034
0.8492852
0.8400197
0.8537418
0.83957565
0.8491624
0.8472095
0.84204936
0.8526034
0.8407189
0.8520761
0.8433175
0.8482876
0.8479435
0.8437088
0.85162485
0.8419503
0.852889
0.8421133
0.8536297
0.84292376
0.85372275
0.8441412
0.85410666
0.84397876
0.8560285
0.8421243
0.8598328
0.8373846
0.8687176
0.8257154
0.8882741
0.80296826
0.9187158
0.7793563
0.9076947
0.8052588
0.8310674
0.87586564
0.78886133
0.87607694
0.8367524
0.81608194
0.882341
0.8108693
0.84796757
0.8582911
0.80377454
0.86167395
0.8264772
0.8158955
0.8585719
0.80847067
0.84064406
0.8440286
0.8140739
0.8606841
0.8268678
0.83901167
0.85857123
0.82390743
0.8627516
0.8402001
0.8423745
0.8629965
0.8329451
0.8653223
0.8461974
0.85090774
0.86633956
0.8431896
0.87231296
0.85099584
0.8638823
0.86494285
0.8533208
0.87335515
0.84975296
0.87085116
0.85401726
0.86262536
0.8611454
0.8553026
0.8676027
0.8512697
0.87101305
0.8503425
0.8714086
0.8502074
0.8705676
0.84976816
0.8698197
0.8485828
0.87115353
0.8455932
0.87609243
0.8394555
0.8863829
0.82700044
0.90479267
0.8060428
0.925619
0.78744274
0.91313136
0.8034494
0.8539167
0.8587661
0.8056515
0.89479446
0.80980545
0.8672614
0.8553116
0.8223046
0.8846676
0.812904
0.86163527
0.84074193
0.8210636
0.86614704
0.81015337
0.8586265
0.831812
0.83383965
0.86157805
0.8215727
0.87220585
0.8316845
0.8598946
0.8542245
0.84338313
0.8730681
0.83629537
0.8783681
0.84173363
0.87159
0.85561043
0.8621976
0.871511
0.8561147
0.8844394
0.85396224
0.89128596
0.8535958
0.89263904
0.85294175
0.8909393
0.8519306
0.88924605
0.8503807
0.89025813
0.84757465
0.894841
0.8418287
0.90334034
0.83073366
0.9149106
0.8147322
0.92306596
0.8019425
0.91187483
0.80857146
0.875784
0.84067285
0.8381217
0.87975794
0.81947404
0.8974015
0.8218787
0.88138187
0.84008586
0.849206
0.86265284
0.8249747
0.8757311
0.81775725
0.8738979
0.825324
0.86211956
0.84288025
0.84938353
0.86302143
0.84137106
0.8796572
0.8363772
0.89072996
0.8319129
0.89580184
0.8281304
0.8968523
0.82660306
0.89567375
0.829975
0.8929881
0.8384964
0.8898572
0.8498526
0.8862541
0.8606522
0.8820545
0.8676706
0.87726563
0.8707236
0.87211996
0.87174845
0.8677579
0.8733056
0.8642493
0.878044
0.85974175
0.888418
0.8494638
0.9098163
0.82374996
0.9524708
0.7759329
0.9897205
0.7472045
0.8952159
0.8231297
0.76965463
0.89416856
0.77226603
0.83312774
0.8851157
0.7788294
0.87468976
0.86008275
0.7966407
0.87507546
0.8146421
0.8058449
0.8568065
0.7820352
0.8118913
0.8380107
0.7755222
0.8254141
0.8207699
0.79165107
0.8443727
0.8060405
0.82140726
0.8539943
0.80267787
0.8491871
0.8440642
0.8178063
0.8612815
0.82768965
0.8471318
0.85738033
0.82951397
0.875558
0.85142344
0.8573805
0.88668424
0.85894144
0.8912095
0.8782407
0.8810445
0.89967877
0.87062407
0.89889485
0.88376683
0.88098544
0.89517915
0.8758208
0.896999
0.8803563
0.8892651
0.89453155
0.8799025
0.8983544
0.8811745
0.89231414
0.8833857
0.8828127
0.8877948
0.8736336
0.887103
0.87292963
0.8826426
0.8743488
0.87881845
0.87845933
0.873873
0.8818673
0.8723191
0.88219297
0.8712147
0.8825846
0.8707234
0.8810156
0.87169343
0.8802864
0.871618
0.8807578
0.8724271
0.8814453
0.87252605
0.8843941
0.8708705
0.888524
0.8673067
0.8957746
0.85774845
0.91029525
0.83816427
0.93707544
0.80229926
0.9751669
0.7591116
0.95981115
0.7607723
0.8551672
0.8352903
0.77055126
0.89630896
0.7815813
0.8524749
0.86857224
0.79607266
0.89491713
0.8143283
0.8327745
0.86063635
0.783588
0.8488931
0.80531627
0.79247236
0.83855397
0.77890563
0.82603204
0.8132421
0.7962575
0.8480095
0.79688853
0.8406272
0.8311599
0.8150837
0.85762984
0.8108595
0.85247844
0.830634
0.83066225
0.85731316
0.822477
0.86723405
0.83868647
0.8625233
0.8669239
0.85702485
0.8915283
0.86025155
0.89770776
0.8732381
0.8896923
0.8870291
0.8789001
0.897739
0.8728834
0.90147394
0.87581027
0.89984775
0.88340193
0.89637196
0.8925401
0.8912074
0.89925045
0.88614255
0.9013466
0.8803396
0.9010191
0.87425816
0.89954084
0.8688799
0.8997419
0.8628633
0.90321046
0.8553305
0.91023123
0.8433887
0.9221562
0.8241544
0.93709624
0.798965
0.94422257
0.77874595
0.9207112
0.7846565
0.8672843
0.8248968
0.8203723
0.87858355
0.802973
0.9017016
0.81408584
0.8763433
0.8407248
0.83257985
0.8647886
0.8035672
0.8656133
0.80034643
0.8454009
0.8160749
0.8227743
0.8414327
0.8102814
0.8615515
0.8107817
0.86769456
0.8181183
0.861838
0.829528
0.85015595
0.8425918
0.8411091
0.85551715
0.8361491
0.86948127
0.83387303
0.88343966
0.8322078
0.8979484
0.8270108
0.9127688
0.8173151
0.9245336
0.804619
0.9276027
0.79596907
0.9134557
0.8026735
0.8850099
0.8289327
0.8575244
0.8677932
0.8403826
0.9007482
0.8316057
0.90928036
0.8261391
0.89132977
0.82577306
0.86174273
0.8332328
0.83802915
0.84720117
0.82593364
0.86424774
0.82163316
0.87869465
0.8189496
0.88654876
0.81339586
0.8877594
0.8056807
0.8847919
0.7992737
0.8808453
0.79754287
0.8770705
0.80263126
0.87358177
0.8139497
0.87050843
0.82886225
0.8673228
0.84336936
0.86331415
0.8539175
0.8576818
0.8599314
0.8505809
0.86358064
0.84314084
0.86878455
0.8354249
0.8796083
0.8250932
0.8991991
0.8065829
0.92812747
0.7754876
0.9500139
0.74555475
0.9151737
0.7519858
0.83120424
0.808438
0.7712417
0.8748797
0.7701545
0.872191
0.82223374
0.82261604
0.87267923
0.78989637
0.86609
0.79718775
0.8093741
0.8246644
0.7721822
0.82869875
0.7755958
0.8072831
0.8050127
0.7856281
0.8346119
0.7853258
0.8356851
0.80484295
0.8185606
0.8272001
0.8014742
0.84154814
0.7959254
0.83873874
0.80541855
0.82927555
0.8229493
0.8233525
0.8458951
0.82368696
0.864904
0.8314349
0.8753414
0.8395644
0.87811303
0.8475883
0.87407506
0.85530704
0.87054276
0.86246884
0.86915946
0.87196165
0.8699408
0.8813185
0.87226444
0.88991123
0.8713099
0.8974681
0.86591524
0.90364593
0.85433924
0.9131281
0.83431053
0.92896354
0.8050389
0.9487392
0.76915777
0.9478169
0.74817425
0.8919399
0.7687932
0.81662166
0.8296018
0.77575034
0.8842137
0.7831506
0.8726579
0.8238158
0.822612
0.86000055
0.78546983
0.85305893
0.78308994
0.80845946
0.8030257
0.7737647
0.81967545
0.76741004
0.81667334
0.7862667
0.80020916
0.81512505
0.78848284
0.8333024
0.7868522
0.83177835
0.7939189
0.8168183
0.8070597
0.80274683
0.8217733
0.7971716
0.83566695
0.80013883
0.84619033
0.809668
0.852654
0.8215912
0.8561356
0.8332516
0.8571279
0.8431487
0.8574172
0.85073125
0.8579402
0.8574482
0.8591964
0.8639708
0.86150265
0.8708516
0.86331296
0.87831795
0.8628613
0.88616043
0.857746
0.89621854
0.84459865
0.91225857
0.8191857
0.9385624
0.77751476
0.9641841
0.73372436
0.9270414
0.7289328
0.82498634
0.78166056
0.7513622
0.8566967
0.748499
0.85416347
0.81338644
0.8025204
0.8681502
0.7772831
0.8482871
0.79279983
0.77844054
0.81620157
0.7481585
0.7937945
0.76419336
0.7595444
0.7909602
0.7481625
0.7981136
0.7683918
0.77787
0.80066586
0.7654889
0.8092625
0.7689984
0.7947912
0.7837381
0.77297467
0.8002493
0.7660249
0.8042686
0.77666324
0.80285454
0.79802907
0.800676
0.8246893
0.8034853
0.84153026
0.8124871
0.847374
0.82138264
0.84438473
0.8332313
0.8380632
0.84473544
0.8369669
0.8564922
0.8389081
0.868811
0.8444213
0.8770726
0.8500836
0.88277704
0.8519384
0.8843859
0.8517988
0.88359964
0.8483163
0.8844263
0.8433839
0.8868547
0.8372303
0.8932868
0.8267479
0.90306133
0.8109266
0.91338986
0.7882467
0.9186474
0.7644353
0.9040632
0.75374
0.8648452
0.76757026
0.8210322
0.80745137
0.7943399
0.8546998
0.78792095
0.87449604
0.7916229
0.85280913
0.800027
0.811458
0.8110963
0.7795943
0.8177113
0.7665338
0.81655383
0.76910555
0.80881596
0.7834926
0.7998061
0.802246
0.7934538
0.8184216
0.78781784
0.8275374
0.7819138
0.8290308
0.7761116
0.82776546
0.7721705
0.82803386
0.77211946
0.83249825
0.7751431
0.84116846
0.7793408
0.8508663
0.78184974
0.8584585
0.78059447
0.86129534
0.7769388
0.85884243
0.77395946
0.8527784
0.7754483
0.84514725
0.78359246
0.8385073
0.79742575
0.83384305
0.81364894
0.82977146
0.827316
0.8240273
0.83521193
0.81501997
0.83811593
0.80358154
0.8397657
0.79128474
0.84482926
0.7782314
0.85582227
0.76293904
0.8702839
0.74482375
0.8761523
0.73031723
0.8555519
0.73214036
0.8137549
0.75906485
0.77880996
0.80728346
0.7655132
0.8475867
0.7692196
0.8473397
0.77983975
0.812559
0.7943352
0.7752769
0.8051363
0.7559306
0.80483335
0.75450224
0.7953918
0.7674554
0.78385854
0.7886214
0.7769377
0.8077018
0.7736873
0.81763136
0.77080804
0.8160789
0.7689487
0.8085032
0.7694027
0.80246127
0.77458143
0.80144113
0.78449774
0.8062808
0.7964689
0.8139091
0.80737287
0.8204902
0.813582
0.8244865
0.81458944
0.8264554
0.81236684
0.83004
0.80831903
0.8391122
0.80215997
0.8568936
0.7889279
0.8864625
0.7606407
0.92112976
0.72057223
0.9118354
0.7011191
0.8215137
0.7270362
0.7383611
0.7975206
0.71803546
0.83243454
0.7627915
0.7993196
0.82985944
0.76752174
0.8469965
0.76564413
0.78565574
0.7886555
0.7370996
0.7806389
0.73369414
0.749858
0.7537787
0.7279923
0.7717889
0.73485124
0.76059514
0.7623013
0.7463981
0.77890116
0.7415547
0.77343434
0.74784356
0.7506304
0.7606888
0.73668474
0.76551026
0.73784137
0.7658764
0.75091124
0.76299334
0.7740508
0.7638864
0.79266447
0.770653
0.8035223
0.7771185
0.80412954
0.7869164
0.7987167
0.7962915
0.79688925
0.80733836
0.7975892
0.82075745
0.8035404
0.83184165
0.81124693
0.8419117
0.8163377
0.84727395
0.8199158
0.84892505
0.81934285
0.85049284
0.81752986
0.85188687
0.8154316
0.8566906
0.81107503
0.86414737
0.8044833
0.8728717
0.7919381
0.88230973
0.77303964
0.88636273
0.752221
0.8771705
0.7381193
0.8488875
0.7420522
0.8123226
0.76813805
0.78664523
0.81022555
0.77676916
0.84480995
0.7749462
0.8455894
0.773485
0.8151947
0.774513
0.77919525
0.78019255
0.7563928
0.78770155
0.74879444
0.79306746
0.7520704
0.7931519
0.7614663
0.7885857
0.7718654
0.781673
0.78039646
0.7739629
0.78625304
0.7669311
0.7906794
0.76094115
0.79622096
0.7558345
0.8046022
0.75055814
0.8166237
0.74296623
0.8304576
0.7321482
0.83944273
0.7210025
0.8330555
0.71738726
0.80847114
0.7296516
0.78050506
0.7615064
0.7646285
0.8044802
0.7619122
0.83301544
0.76363283
0.82697
0.76513
0.79613984
0.7697463
0.7659347
0.7778616
0.7496682
0.7864835
0.74665606
0.7913922
0.752904
0.7905077
0.76339984
0.7854859
0.77372205
0.778295
0.7815719
0.7706663
0.78658324
0.76368093
0.7907349
0.7575777
0.79634565
0.7521921
0.80505216
0.7460072
0.81715703
0.7371439
0.8295669
0.725485
0.83440644
0.7153531
0.8218751
0.71511996
0.7945288
0.7319033
0.7695079
0.76740617
0.75826097
0.8086715
0.75791526
0.8286687
0.75918645
0.81404936
0.76045626
0.7814674
0.7654381
0.754873
0.7736478
0.7427264
0.78168696
0.742683
0.7853545
0.7505047
0.7834628
0.7610809
0.77785003
0.7705716
0.770362
0.77718484
0.76281637
0.78130704
0.75613934
0.7852568
0.7506229
0.79109645
0.7458457
0.8001523
0.7400488
0.81204283
0.7315245
0.8231261
0.7205269
0.82569844
0.7117501
0.8117614
0.71299547
0.78594947
0.7304946
0.76411724
0.76527333
0.75517863
0.8042073
0.755077
0.82210565
0.7549071
0.8074649
0.7543338
0.7765195
0.75788265
0.75153315
0.7661092
0.74012434
0.7759382
0.7399301
0.7823683
0.7463324
0.7826438
0.75434226
0.77760565
0.76101774
0.7699067
0.76568425
0.7625679
0.76943076
0.7570605
0.77415305
0.7534766
0.7810668
0.75061387
0.7909503
0.7459109
0.80394566
0.7365815
0.8188428
0.7212627
0.82998157
0.70417196
0.82262
0.69598293
0.7894217
0.70605725
0.7525736
0.7413298
0.7348472
0.79246175
0.7378388
0.81989956
0.7501028
0.80178607
0.7625541
0.76224816
0.7725525
0.73355144
0.7708063
0.7245573
0.7587454
0.7308436
0.7453478
0.74898976
0.7381711
0.76752007
0.7383487
0.77568847
0.73986304
0.7703145
0.7418883
0.75687397
0.7445822
0.7454842
0.7493033
0.7393178
0.7574981
0.73855096
0.7672099
0.74081
0.7772325
0.7418547
0.7855977
0.74002963
0.7916135
0.73433286
0.79716474
0.7261073
0.8021745
0.7180203
0.8049225
0.71256816
0.80117196
0.71389323
0.7895281
0.7253406
0.7761415
0.7481005
0.767031
0.7775375
0.7622554
0.8006565
0.7567083
0.8055899
0.747955
0.79235756
0.74084663
0.7727886
0.74035454
0.75841516
0.748325
0.7528317
0.762769
0.7536572
0.7781103
0.75473976
0.78810424
0.7506205
0.7898989
0.7409009
0.78678465
0.72905946
0.7843734
0.7190078
0.78557867
0.71247244
0.78907543
0.7097678
0.78993356
0.711531
0.78436714
0.7189421
0.7740759
0.73293275
0.7639006
0.7518811
0.7564168
0.7703507
0.74994874
0.7815574
0.7420657
0.7821252
0.7334986
0.7750106
0.7273856
0.7664663
0.7264631
0.7612959
0.7313473
0.7610642
0.7403746
0.76413393
0.7499935
0.7670639
0.7561696
0.7671158
0.7571532
0.76433575
0.7545052
0.7613988
0.7512318
0.76139516
0.7493286
0.7663096
0.7482943
0.7769961
0.74481344
0.7939791
0.73324764
0.8179062
0.7090914
0.841382
0.68205625
0.82207555
0.67395306
0.74865735
0.6884283
0.6968338
0.7423367
0.6909755
0.7811655
0.7246329
0.76509404
0.77624357
0.7386683
0.79961115
0.72617334
0.7530964
0.73717654
0.7109026
0.73737305
0.70092577
0.7227629
0.71123654
0.7052669
0.73239225
0.70472133
0.7333824
0.7194711
0.7228502
0.73285997
0.7105742
0.73543143
0.70575905
0.71906716
0.71002966
0.7050002
0.71514916
0.69963694
0.72200024
0.7030659
0.7235985
0.7163429
0.7239578
0.7294594
0.72473335
0.7412863
0.723048
0.7456263
0.7244874
0.7443628
0.7262109
0.74443626
0.73220557
0.74505186
0.7428312
0.75048846
0.75412273
0.75719124
0.7668053
0.7616314
0.77524817
0.764408
0.78018844
0.762409
0.78451955
0.75948066
0.7886521
0.756221
0.7972835
0.75091046
0.80926627
0.74338144
0.8224839
0.72982794
0.8321399
0.71314603
0.82554525
0.70191705
0.7983165
0.7043115
0.7642462
0.7271691
0.7428111
0.7679185
0.7390391
0.8039514
0.7426676
0.8056748
0.74474174
0.7746539
0.74658716
0.74035245
0.74931914
0.7203704
0.75049603
0.71508205
0.7477232
0.7209078
0.742434
0.7332719
0.7372201
0.7460074
0.7320045
0.75297105
0.7259532
0.75204617
0.7197642
0.74656034
0.715609
0.7414978
0.7152869
0.7402428
0.7189348
0.7434507
0.7250914
0.7494607
0.73082525
0.75574243
0.7330587
0.76061964
0.7304138
0.7648509
0.7233898
0.7710741
0.7131878
0.7811981
0.70078677
0.7921553
0.6887129
0.7911982
0.6827431
0.7678678
0.6887253
0.73719543
0.71370953
0.7201353
0.75669175
0.7199753
0.7889178
0.72742444
0.7821639
0.73403716
0.74882704
0.7410281
0.71983886
0.7438024
0.7074039
0.7392834
0.70817715
0.7303944
0.71973425
0.72296554
0.7357051
0.72000885
0.7467437
0.71825236
0.7468597
0.71635365
0.7375318
0.71533376
0.72695464
0.71685964
0.72023255
0.7225108
0.7185513
0.7312092
0.72039354
0.7410617
0.72192323
0.7496152
0.72045636
0.75555384
0.7148193
0.7607492
0.7059485
0.7670518
0.6960344
0.7738347
0.68728846
0.7747403
0.6833266
0.76258165
0.68804204
0.7430512
0.7061023
0.72906077
0.7389021
0.7253665
0.7721464
0.7262506
0.78193444
0.72459173
0.7628156
0.7231563
0.7347757
0.7261477
0.7160589
0.73327804
0.7095541
0.74073344
0.71209335
0.74404454
0.7194578
0.7419106
0.72729176
0.7355831
0.73283774
0.7275502
0.7354022
0.72018325
0.7365544
0.7147166
0.7383235
0.7115591
0.7420016
0.70986664
0.7479958
0.7080179
0.7554611
0.704328
0.76286983
0.6979617
0.76776
0.69047415
0.76637906
0.6854875
0.7563137
0.68688077
0.7413201
0.6981544
0.7296718
0.72113085
0.7254967
0.7498293
0.7251166
0.76846516
0.7218085
0.7650517
0.715239
0.7458247
0.7112339
0.72641623
0.7139103
0.7156049
0.7235532
0.7135893
0.736905
0.7162745
0.74785244
0.7180589
0.750984
0.7156777
0.7464167
0.7104276
0.7393456
0.7058587
0.73499334
0.70432633
0.73584837
0.7058472
0.74159163
0.70847136
0.7498233
0.70901215
0.75738025
0.7050129
0.76192516
0.6969575
0.7624178
0.6883498
0.7577801
0.68353933
0.7474998
0.68565124
0.7351145
0.69729334
0.72661823
0.7195059
0.724099
0.745771
0.72319055
0.7616687
0.7179122
0.7577124
0.70933807
0.7403463
0.7036984
0.7232116
0.7050262
0.7138783
0.71392685
0.712671
0.72791445
0.7156451
0.7411658
0.7167264
0.7472936
0.712083
0.74518704
0.7033009
0.73974955
0.69485027
0.7364571
0.6896476
0.73771304
0.6880691
0.7423345
0.6891994
0.7466344
0.691832
0.7469217
0.695408
0.74234474
0.70035136
0.735364
0.70730454
0.7290433
0.71613115
0.7246117
0.72535837
0.72129285
0.7327844
0.7175344
0.7369622
0.7125535
0.7382971
0.70680875
0.7387302
0.7012664
0.7402528
0.6964986
0.7436426
0.6924
0.7478271
0.68874633
0.7499649
0.686032
0.7470978
0.6857612
0.7391563
0.68993425
0.72989076
0.7001625
0.7233633
0.71591187
0.72012603
0.7325152
0.71710104
0.7427137
0.71118647
0.74255383
0.7031654
0.73504174
0.69666666
0.726558
0.69449425
0.7216729
0.6973984
0.7216754
0.70438766
0.7250798
0.7126133
0.72856045
0.718147
0.72908425
0.71873033
0.7263953
0.7155233
0.7231035
0.71146727
0.7224242
0.70858985
0.7265166
0.7066113
0.73637235
0.7027637
0.7521658
0.6929042
0.7721041
0.6767746
0.782949
0.66621935
0.75371677
0.66565776
0.70374125
0.6771963
0.6798559
0.7198586
0.6827301
0.75390834
0.70598465
0.7443471
0.73572344
0.71684635
0.75274664
0.69901747
0.7265928
0.6990723
0.6969315
0.70423603
0.6854331
0.7079471
0.6872789
0.7004488
0.70214474
0.6949484
0.71466917
0.69459295
0.715614
0.6952807
0.70169604
0.6990615
0.68848395
0.6983819
0.6826413
0.69680077
0.6818
0.69377977
0.68844104
0.69187903
0.69725794
0.69338405
0.7064205
0.6934283
0.71165395
0.69396657
0.7106562
0.6932185
0.7092929
0.693201
0.7080005
0.6966701
0.71031684
0.7015244
0.716137
0.7086874
0.72222024
0.7147162
0.7287654
0.7171423
0.73283887
0.7170661
0.73627055
0.71337485
0.7421192
0.7082196
0.75111455
0.7008527
0.7653749
0.6895126
0.7788541
0.6774139
0.7761496
0.670591
0.747481
0.67406106
0.7136231
0.69549376
0.6980771
0.73733586
0.70127237
0.7687458
0.7129498
0.7592704
0.7231961
0.7260633
0.73027164
0.7007898
0.726609
0.69184464
0.71371025
0.6943213
0.70116425
0.7059357
0.695488
0.7179216
0.6967386
0.7211524
0.6998666
0.7140009
0.7030613
0.70217097
0.70459
0.69303054
0.7047224
0.6880335
0.7047597
0.687533
0.7048704
0.69058657
0.7060142
0.6953724
0.7073258
0.7005729
0.70788354
0.7041787
0.7076419
0.70622647
0.7065651
0.7077694
0.70605487
0.7098235
0.7066133
0.7137646
0.70793706
0.71957755
0.7091945
0.72722673
0.70809525
0.73715436
0.70251894
0.7502412
0.6906686
0.76734525
0.67418146
0.7781676
0.66388386
0.75344646
0.66342956
0.706052
0.6741389
0.68081176
0.7155983
0.6823489
0.7544687
0.7034822
0.7484169
0.7299125
0.71871126
0.7474113
0.6975494
0.7267703
0.69492775
0.69787675
0.69968534
0.6846179
0.7058708
0.68470883
0.7008004
0.6969601
0.6946396
0.70930266
0.692026
0.712279
0.69063854
0.699916
0.6926774
0.6866422
0.6924286
0.6797797
0.69222236
0.6779045
0.69023746
0.68264043
0.6885167
0.6896554
0.68894285
0.6975954
0.68807757
0.7023155
0.6877255
0.7019202
0.6863363
0.70082694
0.6858841
0.6995595
0.6883246
0.7013993
0.6921578
0.7060918
0.69812846
0.7113309
0.7031649
0.7170742
0.7054235
0.72076184
0.70539373
0.7240838
0.7022316
0.7292736
0.69786066
0.7372062
0.69159794
0.74959415
0.6824427
0.76134616
0.6728782
0.7604743
0.6673816
0.73810846
0.6697577
0.7094445
0.686129
0.6949238
0.7216949
0.69622123
0.7549176
0.70466435
0.75365907
0.7109516
0.72484744
0.7156995
0.698653
0.71628606
0.6872162
0.7102545
0.68670166
0.70130515
0.69485146
0.6950481
0.70719606
0.69342554
0.7150575
0.69333893
0.7128515
0.69295937
0.70296496
0.6926542
0.6929449
0.69333243
0.6866833
0.69593024
0.6845338
0.6997647
0.68540287
0.70380867
0.6871246
0.7067721
0.6881808
0.70792896
0.6877273
0.70835334
0.6861149
0.70944536
0.68424684
0.7127088
0.6821715
0.71876717
0.6795229
0.7265966
0.6756884
0.73342544
0.6712055
0.73411345
0.6684101
0.7252973
0.6696416
0.71141833
0.67793536
0.70118314
0.696713
0.698392
0.72190195
0.6994983
0.73804575
0.6982325
0.7330083
0.69420105
0.71437943
0.69209635
0.6976368
0.694839
0.6892161
0.7019265
0.6879792
0.71008986
0.6905739
0.7148053
0.69335383
0.7133641
0.69412816
0.7073191
0.6932628
0.7005533
0.6926803
0.695959
0.6938619
0.6944286
0.6971473
0.6951379
0.7018263
0.6962758
0.70655614
0.69584614
0.71059394
0.69259363
0.7147421
0.6863948
0.7212473
0.6776096
0.7321562
0.66755795
0.7436322
0.6611502
0.7374594
0.66111034
0.7067057
0.66393566
0.6813105
0.68502015
0.67622167
0.72525287
0.6852472
0.74186504
0.69972056
0.7214168
0.7133085
0.6947678
0.71675664
0.68296754
0.7027535
0.68234265
0.68715113
0.68939847
0.680161
0.69862014
0.68145704
0.699742
0.68839854
0.6941924
0.69598716
0.68647665
0.6986463
0.68049055
0.69300544
0.67778105
0.684978
0.6781276
0.67920697
0.6821652
0.67709166
0.68775123
0.67818046
0.6927486
0.6798067
0.6949287
0.6809734
0.6935953
0.68101877
0.69140744
0.680927
0.68997663
0.68222696
0.69090015
0.6847679
0.6943491
0.68838316
0.6990239
0.6914549
0.70422703
0.69226557
0.7090258
0.69038415
0.7143596
0.68535894
0.7223916
0.6776675
0.7339683
0.66834337
0.74486303
0.66147494
0.7386072
0.6605719
0.7101203
0.66440225
0.68549484
0.6854533
0.67940116
0.72507805
0.6873468
0.7452231
0.6994565
0.7272191
0.70959926
0.6984741
0.7139191
0.6834178
0.7048782
0.6807108
0.6911491
0.6861202
0.6826756
0.6968386
0.6816893
0.7023427
0.6857879
0.698901
0.69059986
0.68992347
0.69385713
0.6813501
0.69217026
0.6765296
0.6877535
0.67492425
0.68347067
0.67728496
0.68096113
0.68232495
0.6809708
0.68832207
0.68122756
0.6930289
0.6806533
0.6943703
0.6787141
0.6940993
0.6761164
0.69399995
0.67452633
0.6960597
0.6737866
0.70129675
0.6735255
0.70855355
0.67248005
0.7162859
0.6696178
0.7211168
0.6662295
0.7197155
0.6643437
0.7116034
0.66598105
0.70097256
0.6736507
0.6941994
0.69002986
0.69304276
0.7116901
0.6939027
0.725554
0.69177043
0.7219821
0.6867034
0.7069045
0.6835297
0.6927597
0.6850608
0.6854721
0.6914942
0.68431073
0.70057946
0.68629074
0.7075734
0.68760276
0.70847
0.68603307
0.7036734
0.68269086
0.69736993
0.68000174
0.69331235
0.67953545
0.69291705
0.6813219
0.6957953
0.68407845
0.7002616
0.6856072
0.7044103
0.6839266
0.70758927
0.6787609
0.7110103
0.67144173
0.7163535
0.6642188
0.72189575
0.6600726
0.71904004
0.65991837
0.7027059
0.6621982
0.6855371
0.6744401
0.6791581
0.70301354
0.68224806
0.72826606
0.6871375
0.7240848
0.6888047
0.6998516
0.6907728
0.6813061
0.6926573
0.6745743
0.6919126
0.67481077
0.68833333
0.68077844
0.6847766
0.6902765
0.6827609
0.6971558
0.68061894
0.6962349
0.6780387
0.68900484
0.6760976
0.6814471
0.67613494
0.6768054
0.6788505
0.6754773
0.6835892
0.6762021
0.68887615
0.67681044
0.69260997
0.67575973
0.6940376
0.67276376
0.69462496
0.6690072
0.6963443
0.66562515
0.7005295
0.66296214
0.7061203
0.66124773
0.70911664
0.66079634
0.70542234
0.66222495
0.6964556
0.667475
0.68864375
0.67978567
0.68561345
0.6981884
0.6855484
0.7127747
0.68422705
0.7130183
0.68066305
0.70114374
0.67815506
0.6882015
0.6793304
0.6807655
0.6847245
0.67887753
0.6926921
0.6801166
0.69926196
0.6813362
0.7005989
0.68045956
0.69665635
0.67802054
0.69098276
0.67597646
0.686993
0.6757329
0.6861096
0.6774704
0.68805826
0.6802645
0.691429
0.6822915
0.69453055
0.68181324
0.69665515
0.6784103
0.69890636
0.67287016
0.7035525
0.6662881
0.7120319
0.66029024
0.720459
0.65824205
0.71505296
0.6596518
0.6927503
0.6610457
0.67510796
0.67564553
0.6720188
0.7079827
0.6783414
0.72609514
0.6862395
0.71104825
0.69245404
0.68711805
0.6963115
0.6755075
0.69222176
0.6732926
0.68354523
0.6766799
0.6772231
0.6854979
0.67574084
0.69224447
0.6773961
0.69097966
0.679324
0.68321824
0.6809336
0.67512095
0.6806733
0.6702839
0.67927825
0.6681876
0.6776324
0.6689302
0.67638785
0.67176634
0.67623216
0.6756844
0.6759292
0.6792789
0.6749164
0.6810215
0.6729448
0.68181956
0.67041177
0.68285847
0.66837627
0.68565434
0.6666222
0.69134194
0.664714
0.69940114
0.66196597
0.70798755
0.65878963
0.71145916
0.6574867
0.70366484
0.6582273
0.6887038
0.6621401
0.6781445
0.6769886
0.6766229
0.7029763
0.6805816
0.72021586
0.68301785
0.7119701
0.68259937
0.6912397
0.68311805
0.67697716
0.68554425
0.6719082
0.68773633
0.67258245
0.68774503
0.677361
0.68590814
0.6842814
0.6828912
0.68946975
0.6788529
0.68984693
0.6745301
0.68623054
0.67122734
0.681782
0.6699989
0.6789828
0.6711332
0.6786087
0.67427707
0.67991513
0.6781889
0.6813043
0.6810311
0.68126833
0.6818567
0.679569
0.68135697
0.67727816
0.6812165
0.67549926
0.6829892
0.67448956
0.6876083
0.67330706
0.69565725
0.66998696
0.70760995
0.6631359
0.7224213
0.6566448
0.7282584
0.6598343
0.70316416
0.6608837
0.6721428
0.6627204
0.6644432
0.69234335
0.67006147
0.7204492
0.68487287
0.7128989
0.7026838
0.690733
0.7127217
0.678816
0.6955569
0.67781043
0.6784905
0.6812376
0.6734413
0.68553174
0.67391574
0.6821538
0.6809966
0.6784529
0.68828905
0.6763296
0.6881735
0.67452884
0.67819
0.6746235
0.66999483
0.67351115
0.66625863
0.6724794
0.6650195
0.6703351
0.6671696
0.6686585
0.67062867
0.6681254
0.6743478
0.6667552
0.67519873
0.66585237
0.6730084
0.66453797
0.67095333
0.66434586
0.66934097
0.66601604
0.67003185
0.66873586
0.6721357
0.6729194
0.67422503
0.676309
0.67599714
0.6783967
0.6758244
0.6798763
0.67509836
0.6810428
0.6744124
0.6842324
0.67354167
0.68983895
0.67246205
0.6984494
0.6689007
0.7107029
0.6623531
0.72322977
0.65646833
0.7247661
0.65716785
0.7017534
0.65797824
0.67530584
0.6639666
0.6669835
0.69368833
0.6720448
0.7235675
0.6842487
0.7181969
0.69515157
0.69291925
0.70249254
0.67706543
0.69508755
0.67353606
0.6815447
0.6756458
0.67362154
0.6831334
0.6722421
0.6868909
0.6757194
0.6841342
0.680682
0.6780387
0.6844069
0.6721025
0.68108237
0.66899496
0.6743824
0.6675131
0.6689067
0.6688735
0.6658514
0.6716224
0.66565067
0.67431545
0.66622216
0.6755766
0.66711676
0.6738744
0.667428
0.6714275
0.6671719
0.66901004
0.66784716
0.6678213
0.6692448
0.6682816
0.6719933
0.66922426
0.6755337
0.6703411
0.67885405
0.6702237
0.6824207
0.6684041
0.6863012
0.6652829
0.69221973
0.66075236
0.70115346
0.6563576
0.70970947
0.65492916
0.707443
0.65674907
0.6892642
0.65758216
0.6726144
0.6672821
0.6686366
0.6955217
0.6736478
0.7183485
0.6807578
0.7099486
0.6850577
0.6867772
0.68858767
0.67319196
0.68737566
0.669899
0.68140537
0.6714781
0.6755108
0.6783845
0.67305046
0.6859052
0.67349213
0.68708026
0.6740928
0.68095636
0.674636
0.6729007
0.67443466
0.66761965
0.67378086
0.66500056
0.6730282
0.6647521
0.6721711
0.66625476
0.67175156
0.6686738
0.67107844
0.6710945
0.66983885
0.67228884
0.66807264
0.6727079
0.6660018
0.67317295
0.6644338
0.6746471
0.6632862
0.678078
0.66220057
0.68345064
0.66048187
0.69059783
0.65760976
0.6979073
0.6550812
0.7007647
0.6551968
0.6934432
0.656464
0.679437
0.65833217
0.6703554
0.6703404
0.6698527
0.69498926
0.6742179
0.7111295
0.67697114
0.70177865
0.6768323
0.68210125
0.6776015
0.67047465
0.6793865
0.66723484
0.6800279
0.66818815
0.6786347
0.67279506
0.67649466
0.67940915
0.67423713
0.68348247
0.6713322
0.68188924
0.66830933
0.67650867
0.6662542
0.67134005
0.6660012
0.6683515
0.6678212
0.6675984
0.6712393
0.66800416
0.67492104
0.66798455
0.6771694
0.66648656
0.6776477
0.6636842
0.6776904
0.66064876
0.6790769
0.65810513
0.68301105
0.65619946
0.68896526
0.6550994
0.6935149
0.65524936
0.6913351
0.65623677
0.6822501
0.6578188
0.67366606
0.664596
0.6706327
0.68060553
0.6719226
0.69738173
0.6730759
0.69958174
0.67162275
0.6872122
0.6702344
0.67430496
0.6713193
0.6679399
0.6749824
0.6665251
0.6792415
0.6677646
0.6812552
0.6701403
0.6796412
0.6721919
0.67539334
0.67305636
0.6706951
0.67299837
0.6669946
0.67286307
0.664715
0.67325824
0.6636282
0.67444795
0.6631913
0.6762647
0.6627668
0.67834336
0.6617337
0.6805112
0.65989673
0.68286306
0.6576655
0.6854987
0.6559073
0.68753636
0.6554724
0.6867296
0.6561574
0.68192035
0.6573003
0.6759323
0.6611143
0.67260736
0.67136145
0.6724327
0.68568224
0.6725892
0.69389707
0.67033875
0.6897459
0.66704535
0.6792592
0.665484
0.6710433
0.66680276
0.6675141
0.67131907
0.667329
0.6777217
0.6683976
0.68227607
0.6684215
0.68188375
0.6665455
0.6776722
0.6640487
0.67315227
0.6624823
0.6706504
0.66242194
0.6706895
0.6637315
0.67268175
0.6655631
0.6753431
0.66639274
0.677334
0.6651172
0.6784454
0.6619917
0.6799784
0.6582369
0.68365014
0.65529376
0.6896256
0.6549429
0.69308364
0.65779537
0.6859588
0.6589955
0.6728247
0.659025
0.66596305
0.67066383
0.66685414
0.693694
0.67098397
0.7034303
0.6728778
0.6897358
0.6734373
0.6733899
0.6750341
0.66701186
0.67621875
0.6659884
0.67503756
0.66717327
0.67242724
0.6715748
0.6703665
0.6770026
0.66868496
0.67848593
0.66668993
0.6745227
0.6648426
0.66880876
0.663867
0.66465074
0.66430473
0.6625836
0.6661506
0.66201276
0.6687213
0.6619416
0.67075664
0.66140175
0.67129177
0.659997
0.6708192
0.6581439
0.67062336
0.6565264
0.67190695
0.6553767
0.67522997
0.6546488
0.67992526
0.6543411
0.68374014
0.65470433
0.6834112
0.6556244
0.67823666
0.6566283
0.6721223
0.6598205
0.66898715
0.6689927
0.6690592
0.6822323
0.6696727
0.6899545
0.66821384
0.6860938
0.66569483
0.67641085
0.66452926
0.6689584
0.6658476
0.66578203
0.66991246
0.6655387
0.67543155
0.6663723
0.679116
0.6663837
0.6784462
0.6648677
0.67458826
0.6628352
0.6705592
0.6615614
0.6682885
0.6615379
0.668173
0.66265523
0.6696656
0.6641782
0.67168856
0.6648303
0.6731673
0.66372573
0.67399216
0.66104335
0.6753337
0.65768313
0.6788801
0.6546881
0.6855638
0.6537724
0.6921366
0.65725255
0.68830204
0.6608452
0.67345184
0.6586046
0.66369975
0.6641421
0.66363615
0.68674606
0.6682412
0.70223975
0.6723284
0.6914044
0.6746369
0.6740646
0.67702734
0.6674571
0.6766647
0.6666008
0.67302144
0.66735923
0.66942006
0.67178434
0.6679251
0.67688316
0.6676299
0.67689687
0.6671582
0.67156273
0.66674113
0.66576856
0.6663122
0.66231054
0.6660222
0.6605389
0.6657212
0.6599416
0.6652274
0.66023475
0.66469884
0.6610872
0.66377133
0.6619563
0.662482
0.662249
0.66097707
0.6622902
0.6595041
0.6625279
0.65847063
0.6635545
0.657742
0.6659274
0.65702206
0.6698155
0.655728
0.6756055
0.65354985
0.6832442
0.6521593
0.6901321
0.65537554
0.6875166
0.6606511
0.67279524
0.6583397
0.6620568
0.66063666
0.66165423
0.6825587
0.6665481
0.7021867
0.67209595
0.69398546
0.6753425
0.67533714
0.67814404
0.66740394
0.6770739
0.66639334
0.6724869
0.66715413
0.66865015
0.67186874
0.6674262
0.67703545
0.66776824
0.6767061
0.66807544
0.67115283
0.66837
0.6654124
0.6677789
0.662177
0.66645056
0.6604906
0.6648019
0.66008425
0.6632345
0.66090304
0.6623018
0.66258454
0.6613755
0.6641897
0.6601457
0.664516
0.65851295
0.6640469
0.6567521
0.6635762
0.6554992
0.66406924
0.65471095
0.66624254
0.65425676
0.6699297
0.65372276
0.67476326
0.6528525
0.6793399
0.65251905
0.68131125
0.6537003
0.6783363
0.65516514
0.67148405
0.6555955
0.6661243
0.65984935
0.6650805
0.67297536
0.66690105
0.68763924
0.66782886
0.6896488
0.6660252
0.67905456
0.66432405
0.668386
0.6647657
0.663515
0.6677063
0.66254693
0.6719757
0.66342753
0.6747271
0.6648998
0.673819
0.6657517
0.669923
0.6656271
0.665537
0.6651208
0.66227555
0.66500705
0.6603858
0.6656045
0.65949357
0.66688156
0.6590145
0.6685018
0.65837353
0.6700688
0.6571553
0.671587
0.65543056
0.67341906
0.65380806
0.6758716
0.6531726
0.6781444
0.6541278
0.6777798
0.65567005
0.6734084
0.6560643
0.6680602
0.65775234
0.66550666
0.6659819
0.66589236
0.679001
0.66651535
0.6858532
0.6650461
0.6806144
0.6629186
0.67080116
0.66220635
0.664488
0.6636417
0.66233325
0.6674403
0.6623701
0.6719815
0.66308933
0.67392355
0.66315246
0.6717324
0.6621817
0.6674615
0.6609961
0.66377723
0.6604813
0.6616963
0.66098994
0.6610142
0.66245776
0.6610351
0.6643358
0.66085964
0.66583514
0.6597474
0.6667449
0.6576397
0.66778445
0.6550931
0.67030233
0.65286833
0.67552555
0.65232784
0.68244106
0.6559366
0.6836575
0.6619564
0.67292833
0.6606132
0.66225916
0.65846854
0.6606562
0.67280567
0.6640526
0.69303405
0.6681893
0.6914412
0.6700189
0.6750789
0.67209595
0.6665428
0.67326915
0.66569453
0.67146444
0.6655223
0.6682724
0.667464
0.6663802
0.6719538
0.6657906
0.67382187
0.6651641
0.6703769
0.66452694
0.6650604
0.66397375
0.661553
0.6635479
0.6596579
0.6631344
0.65862125
0.6624653
0.6582475
0.66173846
0.6584782
0.6607975
0.6590331
0.6595763
0.65926796
0.65816486
0.65916425
0.6566626
0.659053
0.6554442
0.6594175
0.6545389
0.66087097
0.65380615
0.6636689
0.6529345
0.668099
0.65167034
0.6741626
0.65113455
0.68031174
0.6542436
0.68088776
0.6602637
0.67124397
0.6597121
0.6613913
0.65705895
0.65960103
0.6696113
0.6628517
0.6907243
0.6672227
0.6923112
0.66888696
0.6763119
0.670255
0.6660111
0.6715789
0.66444385
0.6707984
0.6643276
0.66817534
0.6658675
0.6661376
0.6703598
0.6653454
0.6733697
0.6645855
0.6710175
0.6636274
0.6656496
0.66280687
0.6615291
0.66238993
0.65929073
0.66236407
0.65815663
0.66233313
0.6577146
0.66211504
0.65775573
0.66143423
0.6579833
0.6602334
0.6579341
0.65879685
0.6576193
0.6573908
0.65734917
0.65639025
0.65743756
0.65587586
0.658217
0.6557027
0.659706
0.65553373
0.6618768
0.6547659
0.6648912
0.6530761
0.6693771
0.6508776
0.67650026
0.6505966
0.68477917
0.6571824
0.68336636
0.6658651
0.66770333
0.66082036
0.6583797
0.65929854
0.66023874
0.6808332
0.66505545
0.697063
0.6706163
0.6856525
0.6757476
0.67069256
0.67898315
0.6675348
0.6745948
0.6674125
0.6689861
0.6684748
0.66726637
0.67243016
0.6669913
0.6732146
0.66755146
0.66993237
0.6690611
0.6660331
0.6695361
0.66350424
0.666592
0.6619542
0.6628807
0.6608455
0.6603127
0.6607271
0.6587637
0.6611437
0.6578851
0.6612603
0.65726995
0.660366
0.65687495
0.65840435
0.65635496
0.65647864
0.6558118
0.65486306
0.6556991
0.65387875
0.6560304
0.6534702
0.6571181
0.65325546
0.65869826
0.6530221
0.6604783
0.6522542
0.6627114
0.6510502
0.66564363
0.6500305
0.6699941
0.6503206
0.67469305
0.6532225
0.67530805
0.6568302
0.6690702
0.6563132
0.6619851
0.65598416
0.66002536
0.666551
0.66214937
0.6836107
0.6647013
0.68734217
0.6647985
0.67551965
0.6644449
0.6650369
0.6656411
0.6618952
0.66767526
0.6616414
0.6685071
0.66224515
0.6674366
0.6644434
0.66538024
0.6672211
0.6630613
0.66803944
0.6608336
0.6660699
0.6590511
0.66289103
0.65793604
0.6602434
0.6576213
0.6586998
0.6582688
0.6580325
0.65967715
0.6576661
0.66100645
0.65690523
0.6614589
0.6554629
0.66113734
0.6537156
0.6609499
0.6522016
0.6619394
0.65119
0.66481996
0.65081555
0.66948146
0.6515422
0.6738404
0.65409285
0.6736265
0.6570288
0.6675736
0.6567012
0.6614942
0.65621245
0.6597968
0.6640836
0.6613703
0.6780036
0.66324186
0.6827396
0.663033
0.67411095
0.6622339
0.6647214
0.66265696
0.661189
0.6645629
0.6606623
0.66675013
0.6607982
0.6673619
0.661605
0.6658469
0.6628325
0.66311085
0.6635478
0.66038287
0.6632217
0.65826374
0.6621553
0.6568127
0.66094416
0.65588886
0.66011274
0.65542495
0.65985805
0.6553987
0.6600334
0.655525
0.66027963
0.6553296
0.66028196
0.6545558
0.660199
0.6533505
0.6606396
0.6520845
0.66240937
0.65108526
0.6662467
0.6509182
0.6719128
0.65307647
0.67600524
0.6585786
0.67231375
0.6618034
0.66325325
0.65810835
0.6587777
0.659226
0.659879
0.67420924
0.6630736
0.6865208
0.66497344
0.67970383
0.665079
0.6673616
0.6659042
0.6632043
0.66725224
0.6632414
0.66728485
0.6628958
0.6657364
0.66373867
0.6640871
0.66648036
0.6627934
0.66800743
0.6614275
0.66601944
0.6600587
0.6622701
0.6589541
0.6592874
0.65837157
0.65751016
0.6584938
0.6564782
0.6591926
0.6558103
0.6598954
0.65516806
0.659886
0.65429074
0.6591461
0.65321755
0.6582972
0.6522416
0.6580554
0.65152395
0.65899587
0.65108603
0.6613634
0.6509506
0.664933
0.65137875
0.6685326
0.65307784
0.66983384
0.6559554
0.6670924
0.65728
0.66236854
0.6559312
0.6596596
0.6575158
0.65988314
0.6665643
0.6614104
0.6763123
0.6617914
0.67614496
0.66067064
0.6682494
0.6598542
0.6619516
0.66010916
0.65972495
0.6618915
0.6593388
0.6648241
0.65948665
0.6667203
0.6596411
0.66574377
0.6593152
0.6627012
0.6586011
0.65962964
0.6579843
0.65750396
0.65779454
0.6562423
0.6581341
0.65547425
0.6589375
0.6548443
0.65994066
0.65402716
0.6609331
0.65288246
0.66205645
0.65172315
0.6638147
0.6513746
0.66662186
0.6530806
0.66944724
0.6573248
0.6689156
0.6606446
0.6639382
0.65858597
0.65962225
0.6567049
0.65912956
0.66446376
0.66096354
0.6771454
0.6623672
0.6789844
0.6619018
0.669676
0.66135526
0.66249007
0.66189283
0.66092116
0.66368634
0.66087115
0.665504
0.6606996
0.6655514
0.6610122
0.6636758
0.6617046
0.66109407
0.661972
0.65889794
0.66140556
0.6573342
0.66026115
0.65620923
0.65902424
0.65533054
0.6581246
0.65474296
0.65770805
0.65454566
0.6576335
0.65451664
0.65754944
0.65421677
0.6571686
0.6534316
0.6566729
0.6523449
0.65661305
0.6512856
0.6576979
0.6504335
0.66071594
0.6500525
0.66620076
0.6514433
0.6728474
0.65771306
0.67406243
0.66683286
0.665057
0.6651683
0.6577415
0.6578116
0.65851706
0.66608536
0.6616849
0.68357474
0.6647914
0.68272924
0.6661719
0.6695638
0.6679309
0.6647605
0.6689969
0.6657439
0.66755915
0.6650874
0.66537106
0.66513526
0.66435003
0.66762096
0.6638091
0.668334
0.6630353
0.66541076
0.6623425
0.66186255
0.6616945
0.6599475
0.66083145
0.6587891
0.6596487
0.657562
0.6582476
0.6564832
0.6570382
0.65603393
0.6559784
0.65614
0.6548983
0.65604496
0.6536899
0.65549254
0.6524064
0.65477514
0.6513445
0.65443116
0.6505639
0.655051
0.65005904
0.6568552
0.64981484
0.65987253
0.64998895
0.6635699
0.65147656
0.66646874
0.6552816
0.6661942
0.6592075
0.6620493
0.6582767
0.658152
0.6554362
0.6575149
0.6602386
0.65916264
0.67218065
0.660878
0.6772031
0.66074264
0.6702537
0.6600618
0.6623808
0.66019386
0.6597873
0.6615425
0.6595949
0.66360664
0.6594769
0.66460234
0.6596129
0.66350293
0.66006136
0.6610571
0.6603057
0.65862715
0.6599915
0.6568277
0.6592367
0.65557724
0.6583374
0.65464175
0.6576296
0.6539378
0.6573207
0.6535114
0.6573615
0.6532476
0.6575126
0.65283185
0.6575214
0.6520844
0.6575043
0.65115666
0.65799713
0.6504379
0.659683
0.65040624
0.6630043
0.6518436
0.66705155
0.6556931
0.6683442
0.6603834
0.6642017
0.66035783
0.6590308
0.65661716
0.6576725
0.6595916
0.6591738
0.6714205
0.66116565
0.6777338
0.6615349
0.6710499
0.66107464
0.6629681
0.66128254
0.66074437
0.66250515
0.6608698
0.6638859
0.6604878
0.66394436
0.6602599
0.662511
0.6607873
0.66048247
0.66130906
0.6586457
0.66090786
0.6572413
0.6596
0.65615726
0.6580111
0.6552056
0.65671164
0.6544231
0.65591615
0.6540531
0.6555352
0.65407646
0.65523285
0.65403163
0.6545917
0.65352714
0.6535717
0.65266377
0.6525335
0.6518631
0.6518486
0.6514411
0.651715
0.6514699
0.6521042
0.6517669
0.6527756
0.65191644
0.6534586
0.6515503
0.65419436
0.65057385
0.65562814
0.6490956
0.65921015
0.6476238
0.66767436
0.6495611
0.6826507
0.6676854
0.6840798
0.693184
0.66029924
0.67379534
0.66262436
0.66175544
0.6754799
0.68167335
0.6692317
0.68311626
0.67744875
0.67556345
0.693663
0.67459035
0.6822121
0.6748633
0.67545205
0.6769726
0.6808347
0.6770137
0.6776085
0.67647886
0.6761834
0.67671305
0.67589885
0.6738324
0.6732369
0.67294014
0.672165
0.67206925
0.6711933
0.66934955
0.66894555
0.66944224
0.66701084
0.669302
0.66508716
0.6657943
0.663463
0.66218317
0.66189045
0.66031116
0.6601301
0.6588131
0.65824616
0.657075
0.6564698
0.6558749
0.65495056
0.6549143
0.6536405
0.65366167
0.6525291
0.6521409
0.6516416
0.6510031
0.65097594
0.6503886
0.6502212
0.65002686
0.64954436
0.64963
0.64885855
0.64946795
0.6483334
0.6494857
0.64809394
0.65003276
0.64795965
0.65114903
0.647974
0.6526412
0.64782864
0.65480745
0.647454
0.6575468
0.64723825
0.6613041
0.6479795
0.6657003
0.65103674
0.6678594
0.6556971
0.6646993
0.6569186
0.6588761
0.6539852
0.6563362
0.6568729
0.6575216
0.6698407
0.6598727
0.678975
0.66064036
0.6732321
0.6600833
0.663357
0.6603192
0.6594771
0.6617636
0.6593008
0.6632709
0.6592057
0.6633056
0.6593983
0.661834
0.6605108
0.6598863
0.66151905
0.65810084
0.6611394
0.6566701
0.6593771
0.6555642
0.657284
0.6546802
0.655648
0.65412563
0.65460813
0.6541377
0.6539928
0.6546094
0.6534305
0.6549538
0.65254223
0.654712
0.6513224
0.6541261
0.65012866
0.65387255
0.64926934
0.6546436
0.6488548
0.657003
0.64910346
0.66105014
0.65086746
0.6654184
0.6555684
0.6662968
0.6614533
0.66149276
0.6612576
0.6565719
0.6560994
0.65603364
0.6585595
0.6579752
0.6707032
0.6601446
0.67605877
0.6606864
0.66840917
0.66050655
0.6613445
0.66104084
0.6605683
0.6622569
0.66108304
0.66284966
0.66036665
0.66205204
0.66002357
0.66062677
0.66086173
0.6592597
0.6614665
0.6580898
0.660496
0.6570678
0.6584533
0.6561008
0.6565087
0.65515316
0.65512776
0.65448403
0.6541893
0.6544247
0.65350926
0.6547789
0.6528216
0.6548875
0.65187365
0.65445244
0.650816
0.6538775
0.65002126
0.6538955
0.649711
0.65516055
0.6500624
0.65803564
0.65158576
0.66184956
0.65513253
0.66391593
0.65996325
0.661595
0.66130507
0.657461
0.6573303
0.6559811
0.6560696
0.6570327
0.66366607
0.65878487
0.67171323
0.6595985
0.6695038
0.6594139
0.6624643
0.65929765
0.6594284
0.65976113
0.65952647
0.66095936
0.6594151
0.6618413
0.6587751
0.66128194
0.6584018
0.6595804
0.6583546
0.6577645
0.65818894
0.65637714
0.65761936
0.6553677
0.65670377
0.6544969
0.6557324
0.6536211
0.65500176
0.65282524
0.6546309
0.65224516
0.65452564
0.65178627
0.65441114
0.65121317
0.6541467
0.65048933
0.6539991
0.6498692
0.65452117
0.6497144
0.6563656
0.6505662
0.6598579
0.65354013
0.66373926
0.6596318
0.66412586
0.66523606
0.6596444
0.6628787
0.65625614
0.6568532
0.65679693
0.66014177
0.65885115
0.67129314
0.66061
0.67358655
0.6608842
0.6656744
0.6607861
0.66100127
0.66130906
0.66160727
0.6623153
0.6619998
0.6625707
0.6608295
0.6615902
0.6601264
0.66021824
0.66053
0.6590266
0.6606998
0.65806997
0.65959334
0.65721685
0.65775394
0.6562776
0.6560952
0.65518826
0.65487224
0.6542747
0.6539498
0.6539349
0.6532117
0.65400314
0.6524456
0.6538788
0.6514812
0.6533459
0.65053725
0.6528247
0.64996547
0.6530079
0.6499808
0.6545629
0.65092486
0.65785426
0.6537172
0.6617804
0.65930504
0.6627453
0.66484916
0.65906143
0.66332734
0.65581894
0.6570896
0.6561574
0.6582126
0.65801847
0.66805863
0.6597409
0.67204815
0.660205
0.6656597
0.6601092
0.6605816
0.66038716
0.66072565
0.66127473
0.6613783
0.66188145
0.6604508
0.6612748
0.6594603
0.65993243
0.65943164
0.6586305
0.65964276
0.6576222
0.6590276
0.6568086
0.6575871
0.6559817
0.6560142
0.65496224
0.6547564
0.65391415
0.65383786
0.6532656
0.65316963
0.65309864
0.65252644
0.65293986
0.6516267
0.6524184
0.65054625
0.6517403
0.64960784
0.6514592
0.6490103
0.6521792
0.6488923
0.6545933
0.64982516
0.6591431
0.65370256
0.6643071
0.6631114
0.6644141
0.6722786
0.65805346
0.66741544
0.65542436
0.65748537
0.65799767
0.66266096
0.66049147
0.67537606
0.6620822
0.6731285
0.6624518
0.66410506
0.6634163
0.6634114
0.66466516
0.6657115
0.66438156
0.6646345
0.6632383
0.6628973
0.662686
0.66343725
0.66216797
0.6637851
0.6612333
0.6619889
0.6601617
0.6597947
0.6592011
0.65878326
0.658273
0.6582145
0.6572409
0.6571042
0.656105
0.6555562
0.6550348
0.65424806
0.65404004
0.6534283
0.6530282
0.6527519
0.6519708
0.6519654
0.65096164
0.6511691
0.65012175
0.65061665
0.64944017
0.65060973
0.64892405
0.651354
0.64866936
0.653009
0.6490483
0.6556595
0.65121967
0.65900517
0.6570157
0.66114396
0.6652521
0.6590268
0.66711384
0.6553224
0.659619
0.655008
0.655903
0.65690136
0.6646542
0.65901923
0.67264664
0.6600286
0.66785777
0.66003394
0.6610748
0.660331
0.6607519
0.6612446
0.66212267
0.66182
0.661304
0.6611774
0.659921
0.6600148
0.65992135
0.65904176
0.6604525
0.6582524
0.65976536
0.6574907
0.6579352
0.6566205
0.6561958
0.65554774
0.6549883
0.6544997
0.65402097
0.6539257
0.65315366
0.6538609
0.65236676
0.65372884
0.6515475
0.65312463
0.6507699
0.65230757
0.6502662
0.6518381
0.6501062
0.652195
0.65031075
0.65371346
0.6511689
0.65631795
0.6533484
0.6589109
0.6572987
0.6594889
0.6611481
0.65743935
0.66067976
0.6553182
0.6564464
0.6551375
0.6555598
0.6562081
0.66115004
0.65738845
0.66613215
0.65787697
0.6641908
0.6580043
0.6596434
0.65794134
0.65777254
0.6576926
0.6577957
0.658093
0.6576294
0.65907866
0.6570333
0.6592901
0.6563468
0.65810037
0.6556558
0.6563484
0.65497845
0.6548984
0.65433085
0.65386105
0.65373
0.6530037
0.65326536
0.6521951
0.65306574
0.6514592
0.6531566
0.65082586
0.6534419
0.6503592
0.653881
0.6504124
0.65473336
0.6517709
0.6564283
0.6554177
0.65868104
0.6613053
0.6594782
0.66568875
0.65746725
0.6632203
0.65551937
0.657094
0.6558182
0.65702367
0.6572678
0.66420376
0.6586233
0.6679027
0.6592197
0.66367316
0.65941435
0.6595397
0.6592516
0.65940326
0.6592623
0.66009855
0.6598965
0.6595535
0.6601429
0.65842724
0.6592189
0.65753114
0.6577178
0.65695673
0.6564844
0.6564376
0.6556875
0.65576
0.655076
0.6549208
0.65435696
0.65410286
0.65344465
0.6534987
0.65250415
0.65317225
0.6517263
0.6530006
0.6511186
0.6527964
0.6506794
0.6526359
0.6506134
0.65291244
0.6512779
0.65411276
0.65316784
0.6563949
0.6569051
0.65869176
0.66207546
0.6587658
0.66494924
0.65660936
0.66167724
0.65535825
0.6565108
0.65602
0.65758514
0.6573743
0.6639834
0.658467
0.66613084
0.658974
0.6620805
0.65919334
0.65890175
0.65888864
0.65888786
0.65863514
0.65927976
0.65912837
0.6587079
0.65949017
0.65773046
0.6587053
0.65682524
0.6571793
0.656062
0.65583235
0.655375
0.65491474
0.65469086
0.65419215
0.6540016
0.653434
0.653423
0.6526249
0.6531039
0.65189475
0.65308553
0.65138334
0.65328175
0.651275
0.653655
0.6519888
0.6544224
0.6541526
0.65578914
0.6580645
0.6572262
0.66249895
0.65736485
0.66396064
0.6560968
0.66043216
0.65530324
0.65608287
0.65575224
0.6567719
0.65673923
0.66152686
0.6575547
0.6635628
0.65814155
0.6609519
0.6586679
0.6582134
0.6584122
0.6576103
0.65756965
0.65766
0.6574706
0.6572622
0.6581591
0.656609
0.65823466
0.6559224
0.6570868
0.65526223
0.65553033
0.6546132
0.65430015
0.6538526
0.6533996
0.6529771
0.65261835
0.65219927
0.6519225
0.6516961
0.65130943
0.6513524
0.65063745
0.65091634
0.64982355
0.65035284
0.64902335
0.6499486
0.6484909
0.6502461
0.64855623
0.6522105
0.65022224
0.65720016
0.6567854
0.6643422
0.6732731
0.6643015
0.6872912
0.6563899
0.6748676
0.6585058
0.6591853
0.6649374
0.6673056
0.6652388
0.676096
0.6645154
0.66879874
0.66613895
0.6659844
0.66883355
0.67048
0.66793615
0.67043805
0.66798246
0.66787124
0.67059356
0.6673134
0.66975105
0.6664273
0.6663552
0.6652318
0.66476387
0.66500926
0.66416526
0.6648565
0.66271496
0.6637153
0.6619684
0.6618589
0.66220105
0.6598203
0.6615035
0.65812624
0.6592546
0.6567032
0.65687317
0.655449
0.6550382
0.6543858
0.65368396
0.65357363
0.65252787
0.65291774
0.65148455
0.65211743
0.65054774
0.6510951
0.6497897
0.65006465
0.6492689
0.6492005
0.6489842
0.6486313
0.64898074
0.64843935
0.6493386
0.64886475
0.650411
0.6504773
0.65250134
0.65412354
0.65526146
0.6602281
0.6568044
0.6656499
0.6554123
0.66406846
0.6537169
0.6570918
0.65421665
0.6550962
0.6558398
0.66162586
0.65740186
0.6662724
0.65819854
0.6627428
0.65842885
0.6586377
0.6543858
